%YAML:1.0
image_width: 640
image_height: 480
board_width: 7
board_height: 6
square_size: 3.
flags: 6144
camera_matrix: !!opencv-matrix
   rows: 3
   cols: 3
   dt: d
   data: [ 5.3389971993612983e+02, 0., 3.4226288877319109e+02, 0.,
       5.3388322504555595e+02, 2.3344521033511637e+02, 0., 0., 1. ]
distortion_coefficients: !!opencv-matrix
   rows: 5
   cols: 1
   dt: d
   data: [ -2.9474690913769913e-01, 1.1306200976810216e-01,
       1.5499275855557697e-03, -5.1862292211057610e-05,
       3.7410386017343873e-02 ]
avg_reprojection_error: 1.5424646357589772e-01
per_view_reprojection_errors: !!opencv-matrix
   rows: 20
   cols: 1
   dt: f
   data: [ 0., 0., 0., 0., 0., 0., 0., 0., 0., 0., 1.73890322e-01,
       1.14709973e-01, 1.43193290e-01, 1.71794549e-01, 1.40901878e-01,
       1.32084608e-01, 1.33773640e-01, 2.00364321e-01, 1.39644355e-01,
       1.72233358e-01 ]
extrinsic_parameters: !!opencv-matrix
   rows: 10
   cols: 6
   dt: d
   data: [ -4.3155991296509028e-01, 2.5736330256296391e-01,
       -3.0881385725223134e+00, 1.1328571188777977e+01,
       2.6545488627057301e+00, 4.4556683614868476e+01,
       4.1679097254953074e-01, 6.5608235731541453e-01,
       -1.3367695947716092e+00, -6.4248551855857272e+00,
       5.5009433936443362e+00, 3.8416913709995868e+01,
       -2.6313556929882859e-01, -3.9191156694806034e-01,
       -2.7484277623846274e+00, 9.0688982440085297e+00,
       8.2113431542241955e+00, 2.9702994104041050e+01,
       -3.7694851488852615e-01, -1.7863928633721740e-01,
       -3.1164287098516832e+00, 8.4235431582937963e+00,
       6.6401186404892867e+00, 3.2870662910465967e+01,
       -4.5809805727563019e-01, -3.1374546293473726e-01,
       -1.7617830766386817e+00, -3.4589778302353644e+00,
       7.9971124489305376e+00, 2.8681180267669731e+01,
       -2.9834572101047785e-01, 3.9158460170507819e-01,
       -1.4347680398386327e+00, 4.7427594094907075e+00,
       1.1391921683843428e+01, 4.8345630174759286e+01,
       -3.1830327538204128e-01, 1.5931032597466185e-01,
       -1.2414911576728074e+00, -1.7898485535326525e+01,
       7.1392521381526963e+00, 5.0301188208329158e+01,
       -4.5697219965604491e-01, -8.8516491852754065e-02,
       -1.3354435018308040e+00, -9.8855549580189983e+00,
       6.4417126843772712e+00, 3.5167350670827183e+01,
       4.9287177973309454e-01, -1.8228158289032470e-01,
       -1.7333218672407316e+00, -4.9534173175118266e+00,
       1.0786913616190198e+01, 3.6334535982424669e+01,
       -3.5160696558266058e-01, -2.4358702477762692e-01,
       -1.5691332931406630e+00, -8.7430966929910756e+00,
       7.8327462241072023e+00, 3.1716466864913713e+01 ]
image_points: !!opencv-matrix
   rows: 10
   cols: 42
   dt: "2f"
   data: [ 4.75321808e+02, 2.64625122e+02, 4.40500031e+02,
       2.63231354e+02, 4.06220154e+02, 2.61700592e+02, 3.72682922e+02,
       2.59910431e+02, 3.40011597e+02, 2.58242126e+02, 3.08493011e+02,
       2.56514862e+02, 2.77595795e+02, 2.55093399e+02, 4.76691498e+02,
       2.30013748e+02, 4.41249695e+02, 2.28629303e+02, 4.06593506e+02,
       2.27648132e+02, 3.72705872e+02, 2.26323166e+02, 3.39554474e+02,
       2.25401108e+02, 3.07567078e+02, 2.24259399e+02, 2.76922211e+02,
       2.23410660e+02, 4.77408478e+02, 1.94334076e+02, 4.41712799e+02,
       1.93620789e+02, 4.06767487e+02, 1.92521912e+02, 3.72576538e+02,
       1.92044983e+02, 3.39264191e+02, 1.91560211e+02, 3.07084076e+02,
       1.91060898e+02, 2.75857788e+02, 1.90519058e+02, 4.77914734e+02,
       1.58323273e+02, 4.42110077e+02, 1.57886719e+02, 4.06800812e+02,
       1.57496490e+02, 3.72385498e+02, 1.57415909e+02, 3.38891602e+02,
       1.57398346e+02, 3.06557098e+02, 1.57651306e+02, 2.75250000e+02,
       1.58050430e+02, 4.78016876e+02, 1.22238617e+02, 4.42087555e+02,
       1.22086365e+02, 4.06666351e+02, 1.22141472e+02, 3.72249237e+02,
       1.22286339e+02, 3.38623901e+02, 1.23085480e+02, 3.06062805e+02,
       1.23983727e+02, 2.74704559e+02, 1.24875961e+02, 4.77623199e+02,
       8.62218170e+01, 4.41635803e+02, 8.62466736e+01, 4.06455688e+02,
       8.67116470e+01, 3.71721252e+02, 8.78762589e+01, 3.38311646e+02,
       8.87927780e+01, 3.05502899e+02, 9.03202286e+01, 2.74395813e+02,
       9.22103271e+01, 2.54305267e+02, 3.08908417e+02, 2.53285324e+02,
       2.80396210e+02, 2.52632675e+02, 2.48559219e+02, 2.51751663e+02,
       2.12814529e+02, 2.51259476e+02, 1.72682785e+02, 2.51095459e+02,
       1.27983574e+02, 2.51463165e+02, 7.81900940e+01, 2.93632965e+02,
       3.18090576e+02, 2.95141296e+02, 2.89763519e+02, 2.96857239e+02,
       2.58066498e+02, 2.98762939e+02, 2.22358658e+02, 3.01109680e+02,
       1.82124344e+02, 3.03762482e+02, 1.36982361e+02, 3.07057343e+02,
       8.67120438e+01, 3.34245605e+02, 3.27160858e+02, 3.38072876e+02,
       2.99221741e+02, 3.42266541e+02, 2.67763641e+02, 3.47086670e+02,
       2.32245316e+02, 3.52377838e+02, 1.92209808e+02, 3.58425873e+02,
       1.46961258e+02, 3.65127014e+02, 9.67773743e+01, 3.75275970e+02,
       3.36096497e+02, 3.81592224e+02, 3.08356354e+02, 3.88453583e+02,
       2.77457062e+02, 3.96135834e+02, 2.42338486e+02, 4.04605469e+02,
       2.02723602e+02, 4.13966736e+02, 1.57759857e+02, 4.24132751e+02,
       1.07843468e+02, 4.16427643e+02, 3.44549438e+02, 4.25239075e+02,
       3.17361603e+02, 4.34802765e+02, 2.86784576e+02, 4.45283417e+02,
       2.52391083e+02, 4.56842773e+02, 2.13545944e+02, 4.69520477e+02,
       1.69350540e+02, 4.83133881e+02, 1.20094208e+02, 4.56986359e+02,
       3.52432098e+02, 4.68076294e+02, 3.25776184e+02, 4.80230011e+02,
       2.96078125e+02, 4.93467560e+02, 2.62406586e+02, 5.07863831e+02,
       2.24147812e+02, 5.23489197e+02, 1.81127487e+02, 5.40095825e+02,
       1.33088364e+02, 4.97800934e+02, 3.74597748e+02, 4.49852631e+02,
       3.57670349e+02, 4.02108246e+02, 3.40502899e+02, 3.55303528e+02,
       3.23210785e+02, 3.09971161e+02, 3.05978485e+02, 2.66598907e+02,
       2.89125916e+02, 2.25447479e+02, 2.72792908e+02, 5.13826294e+02,
       3.26688202e+02, 4.66532806e+02, 3.10290375e+02, 4.19449005e+02,
       2.93756927e+02, 3.73086823e+02, 2.77372528e+02, 3.27992828e+02,
       2.61404388e+02, 2.84989929e+02, 2.45748734e+02, 2.44138199e+02,
       2.31023087e+02, 5.28270142e+02, 2.79970398e+02, 4.81949768e+02,
       2.64084686e+02, 4.35589447e+02, 2.48379730e+02, 3.90001770e+02,
       2.32976318e+02, 3.45797058e+02, 2.18189026e+02, 3.03178284e+02,
       2.03884750e+02, 2.62500153e+02, 1.90551437e+02, 5.41214661e+02,
       2.35305603e+02, 4.95931458e+02, 2.20159805e+02, 4.50688751e+02,
       2.05273727e+02, 4.06082367e+02, 1.90713135e+02, 3.62618286e+02,
       1.77005905e+02, 3.20513794e+02, 1.63940720e+02, 2.80194977e+02,
       1.51811111e+02, 5.52414124e+02, 1.93253067e+02, 5.08506104e+02,
       1.78623672e+02, 4.64544403e+02, 1.64446930e+02, 4.21072632e+02,
       1.50887009e+02, 3.78443054e+02, 1.38128113e+02, 3.37174164e+02,
       1.26307678e+02, 2.97559692e+02, 1.15199844e+02, 5.62360840e+02,
       1.53604752e+02, 5.19729370e+02, 1.39579834e+02, 4.77098663e+02,
       1.26354813e+02, 4.34717316e+02, 1.13616196e+02, 3.93229156e+02,
       1.02024460e+02, 3.53009338e+02, 9.10326385e+01, 3.13964325e+02,
       8.12421570e+01, 4.75093536e+02, 3.38217987e+02, 4.28284454e+02,
       3.37902344e+02, 3.82261627e+02, 3.37241455e+02, 3.37528961e+02,
       3.35898407e+02, 2.94732208e+02, 3.34312317e+02, 2.53881866e+02,
       3.32342285e+02, 2.15266846e+02, 3.30420197e+02, 4.75364746e+02,
       2.91323761e+02, 4.28595612e+02, 2.91457123e+02, 3.82581512e+02,
       2.91287201e+02, 3.38117889e+02, 2.90766785e+02, 2.95249176e+02,
       2.90260040e+02, 2.54622574e+02, 2.89651031e+02, 2.16078751e+02,
       2.88647217e+02, 4.74934967e+02, 2.44141373e+02, 4.28470398e+02,
       2.44555389e+02, 3.82713898e+02, 2.45338440e+02, 3.38546509e+02,
       2.45727753e+02, 2.96097107e+02, 2.46134567e+02, 2.55442780e+02,
       2.46440689e+02, 2.17259109e+02, 2.46826859e+02, 4.73989746e+02,
