%YAML:1.0
image_width: 640
image_height: 480
board_width: 9
board_height: 6
square_size: 3.
flags: 6144
camera_matrix: !!opencv-matrix
   rows: 3
   cols: 3
   dt: d
   data: [ 5.4211330831366627e+02, 0., 3.2836977002945440e+02, 0.,
       5.4138069150490151e+02, 2.4704051280825152e+02, 0., 0., 1. ]
distortion_coefficients: !!opencv-matrix
   rows: 5
   cols: 1
   dt: d
   data: [ -2.8158515501764791e-01, 1.0798012716718756e-01,
       -5.5690216670296595e-04, 1.2602771357160905e-03,
       -2.7920377919923616e-02 ]
avg_reprojection_error: 4.4545276418090662e-01
per_view_reprojection_errors: !!opencv-matrix
   rows: 26
   cols: 1
   dt: f
   data: [ 0., 0., 0., 0., 0., 0., 0., 0., 0., 0., 0., 0., 0.,
       4.23631102e-01, 1.16946769e+00, 1.80273682e-01, 2.17467159e-01,
       5.98106444e-01, 1.96732655e-01, 2.84825802e-01, 1.98261365e-01,
       2.21157610e-01, 1.49622753e-01, 2.17923775e-01, 5.43998122e-01,
       1.45144254e-01 ]
extrinsic_parameters: !!opencv-matrix
   rows: 13
   cols: 6
   dt: d
   data: [ 1.6465427903451813e-01, 2.7314309606636711e-01,
       9.8009398060376375e-03, -1.8956418602163144e+01,
       -1.2938503338797959e+01, 4.8168935573697716e+01,
       4.1176145359124344e-01, 6.5409248871362835e-01,
       -1.3436101643742298e+00, -1.6842354110060931e+01,
       1.0096060022832935e+01, 4.2639391694770516e+01,
       -2.7369336000605310e-01, 1.9379506960151643e-01,
       3.5144162015991254e-01, -1.4730256636778387e+01,
       -1.1926316311896603e+01, 3.8306346300589503e+01,
       -1.1261758804040833e-01, 2.4491905710364592e-01,
       -5.6858817907162055e-03, -2.1724382603250493e+01,
       -7.9173271872389490e+00, 3.9898498926026029e+01,
       -2.8642297062059241e-01, 4.3106950559260093e-01,
       1.3105687637478420e+00, -2.9179472023601067e+00,
       -1.3763258550707608e+01, 3.8126745500214355e+01,
       4.0910924133831406e-01, 3.0939121891747301e-01,
       1.6457266886277930e+00, 1.0143416792096289e+01,
       -7.8410877411276738e+00, 4.0531007107231062e+01,
       1.8257741141163999e-01, 3.5078841508825426e-01,
       1.8638104817799090e+00, -7.5704129470830042e+00,
       -8.5223595265940038e+00, 4.6909902445069321e+01,
       -8.3999880739395405e-02, 4.7969562355544260e-01,
       1.7483947419954040e+00, -5.0595150297180747e-01,
       -1.0503500869721297e+01, 3.8093047228713210e+01,
       2.0438251583074868e-01, -4.2391922434919294e-01,
       1.2798947798884788e-01, -1.7906680610743905e+01,
       -9.5671704003247342e+00, 3.3534341726277916e+01,
       -4.1586667685249828e-01, -4.9708999538185822e-01,
       1.3329572106773178e+00, -4.3133479231697773e+00,
       -1.3230589518406468e+01, 4.0687008905433721e+01,
       -2.3514742069767158e-01, 3.5325075175396264e-01,
       1.5270526698250675e+00, -3.8495637508085272e+00,
       -1.2219044696005479e+01, 3.8776603266461031e+01,
       4.6549351008435430e-01, -2.8102241685755347e-01,
       1.2330140671085728e+00, -5.9337098319918598e+00,
       -1.0907304535736898e+01, 3.5134817971432717e+01,
       -1.6793965278812834e-01, -4.7053871772579020e-01,
       1.3426152508276166e+00, -4.5455216605341979e+00,
       -1.2886704413108216e+01, 3.7613433101151784e+01 ]
image_points: !!opencv-matrix
   rows: 13
   cols: 54
   dt: "2f"
   data: [ 1.27647018e+02, 1.10525284e+02, 1.53829468e+02,
       1.07840530e+02, 1.81373917e+02, 1.05091309e+02, 2.10973267e+02,
       1.02411697e+02, 2.41482910e+02, 1.00091209e+02, 2.74369110e+02,
       9.79860229e+01, 3.08526398e+02, 9.60569305e+01, 3.44047424e+02,
       9.42468719e+01, 3.80814117e+02, 9.30852585e+01, 1.28752365e+02,
       1.41965729e+02, 1.54646210e+02, 1.40038925e+02, 1.82243683e+02,
       1.38161743e+02, 2.11302551e+02, 1.36324570e+02, 2.42431747e+02,
       1.34782898e+02, 2.74815857e+02, 1.33581741e+02, 3.08911011e+02,
       1.32242615e+02, 3.44680328e+02, 1.31384750e+02, 3.81290985e+02,
       1.30572144e+02, 1.29666092e+02, 1.73374359e+02, 1.55428970e+02,
       1.72203995e+02, 1.83139954e+02, 1.71473969e+02, 2.12427856e+02,
       1.70366684e+02, 2.43153534e+02, 1.69920502e+02, 2.75354797e+02,
       1.69247726e+02, 3.09415009e+02, 1.68598007e+02, 3.45020721e+02,
       1.68387970e+02, 3.81549866e+02, 1.68350113e+02, 1.30219528e+02,
       2.04194534e+02, 1.57050964e+02, 2.04298569e+02, 1.84595444e+02,
       2.04330948e+02, 2.13382019e+02, 2.04274445e+02, 2.44068970e+02,
       2.04381348e+02, 2.76392700e+02, 2.04542664e+02, 3.10110870e+02,
       2.05047287e+02, 3.45336273e+02, 2.05532486e+02, 3.81727753e+02,
       2.06095749e+02, 1.33159668e+02, 2.35676102e+02, 1.58949936e+02,
       2.36244110e+02, 1.86232986e+02, 2.37157806e+02, 2.15036636e+02,
       2.37984848e+02, 2.45316696e+02, 2.38793518e+02, 2.77297272e+02,
       2.39985321e+02, 3.10707367e+02, 2.40867462e+02, 3.45646210e+02,
       2.42042938e+02, 3.81636017e+02, 2.43305222e+02, 1.32856094e+02,
       2.65558624e+02, 1.60937698e+02, 2.67607086e+02, 1.88204834e+02,
       2.69033844e+02, 2.16894318e+02, 2.70562775e+02, 2.46811646e+02,
       2.72303162e+02, 2.78412354e+02, 2.74135590e+02, 3.11328003e+02,
       2.75842926e+02, 3.45999115e+02, 2.77698242e+02, 3.81423767e+02,
       2.79427917e+02, 1.28079315e+02, 3.71512360e+02, 1.20215820e+02,
       3.44348694e+02, 1.12852547e+02, 3.19478088e+02, 1.05204216e+02,
       2.91918732e+02, 9.69336853e+01, 2.61355347e+02, 8.83628006e+01,
       2.27325714e+02, 7.96360626e+01, 1.89411224e+02, 7.04237137e+01,
       1.47436279e+02, 6.20465126e+01, 1.01162003e+02, 1.59152893e+02,
       3.78818939e+02, 1.53475754e+02, 3.53650940e+02, 1.47752762e+02,
       3.28824890e+02, 1.41623917e+02, 3.01451172e+02, 1.35062912e+02,
       2.70562866e+02, 1.28214264e+02, 2.36161926e+02, 1.21215401e+02,
       1.97457840e+02, 1.13913139e+02, 1.54473495e+02, 1.06699120e+02,
       1.06497322e+02, 1.92852234e+02, 3.90136505e+02, 1.88651169e+02,
       3.63279114e+02, 1.84521240e+02, 3.38536255e+02, 1.80322586e+02,
       3.11077026e+02, 1.75833755e+02, 2.80379822e+02, 1.71095810e+02,
       2.45469940e+02, 1.66126389e+02, 2.06520355e+02, 1.61136642e+02,
       1.62361893e+02, 1.56330338e+02, 1.13350769e+02, 2.27127777e+02,
       3.97447571e+02, 2.25141388e+02, 3.72384094e+02, 2.23189484e+02,
       3.48317261e+02, 2.21063431e+02, 3.20836914e+02, 2.18898529e+02,
       2.90283173e+02, 2.16630081e+02, 2.55240356e+02, 2.14276047e+02,
       2.15915833e+02, 2.12087357e+02, 1.71121857e+02, 2.10152557e+02,
       1.21021988e+02, 2.63098175e+02, 4.06621521e+02, 2.63272461e+02,
       3.81677582e+02, 2.63241821e+02, 3.57775787e+02, 2.63529419e+02,
       3.30666473e+02, 2.63954132e+02, 3.00039886e+02, 2.64659119e+02,
       2.65322540e+02, 2.65131439e+02, 2.26179871e+02, 2.66389679e+02,
       1.80996048e+02, 2.67999695e+02, 1.30138016e+02, 2.98972961e+02,
       4.15546844e+02, 3.01719360e+02, 3.90706268e+02, 3.04460449e+02,
       3.66947540e+02, 3.07187073e+02, 3.40343018e+02, 3.10481598e+02,
       3.10172302e+02, 3.14076324e+02, 2.75664856e+02, 3.18125427e+02,
       2.36373856e+02, 3.22859924e+02, 1.91313660e+02, 3.28279358e+02,
       1.40449860e+02, 1.32964737e+02, 8.94696655e+01, 1.64486588e+02,
       9.69033508e+01, 1.98349472e+02, 1.05158463e+02, 2.34515427e+02,
       1.14303352e+02, 2.73299530e+02, 1.24412811e+02, 3.14247528e+02,
       1.35590942e+02, 3.57399811e+02, 1.47666458e+02, 4.02256256e+02,
       1.60869522e+02, 4.48057556e+02, 1.75112717e+02, 1.14571800e+02,
       1.22618423e+02, 1.45705368e+02, 1.31238113e+02, 1.79651443e+02,
       1.40764832e+02, 2.16073608e+02, 1.51330353e+02, 2.55051590e+02,
       1.62705338e+02, 2.96723602e+02, 1.75257339e+02, 3.40615814e+02,
       1.88669357e+02, 3.86451263e+02, 2.02968292e+02, 4.33647308e+02,
       2.18111282e+02, 9.57875671e+01, 1.57418259e+02, 1.26554764e+02,
       1.67425430e+02, 1.60475189e+02, 1.78564789e+02, 1.96962143e+02,
       1.90490005e+02, 2.36283066e+02, 2.03409409e+02, 2.78192596e+02,
