%YAML:1.0
image_width: 640
image_height: 480
board_width: 7
board_height: 6
square_size: 3.
flags: 6144
camera_matrix: !!opencv-matrix
   rows: 3
   cols: 3
   dt: d
   data: [ 5.3779922330512966e+02, 0., 3.2621167027549063e+02, 0.,
       5.3728390725757163e+02, 2.4783178300528368e+02, 0., 0., 1. ]
distortion_coefficients: !!opencv-matrix
   rows: 5
   cols: 1
   dt: d
   data: [ -3.0145907816634532e-01, 1.9811315447687949e-01,
       -1.1604053144768357e-04, 9.5305472982481728e-04,
       -1.7194995579737096e-01 ]
avg_reprojection_error: 1.5965647816441281e-01
per_view_reprojection_errors: !!opencv-matrix
   rows: 18
   cols: 1
   dt: f
   data: [ 0., 0., 0., 0., 0., 0., 0., 0., 0., 1.71373248e-01,
       1.42674461e-01, 1.36158705e-01, 1.51737168e-01, 1.51829377e-01,
       1.42205283e-01, 1.97307006e-01, 1.35596246e-01, 1.93733498e-01 ]
extrinsic_parameters: !!opencv-matrix
   rows: 9
   cols: 6
   dt: d
   data: [ -4.3582838912666361e-01, 2.6821258866699721e-01,
       -3.0895583155883282e+00, 1.6414796008914254e+00,
       2.4700619295478674e+00, 4.4571162361194929e+01,
       4.9400779173405290e-01, -1.7282475686234469e-01,
       -1.7385412492883947e+00, -1.4683593121219346e+01,
       1.0709216917896693e+01, 3.6442925344233281e+01,
       -2.7271485181453703e-01, -3.8084737861735751e-01,
       -2.7515753212425698e+00, -7.1738443014986919e-01,
       8.1168853726040755e+00, 2.9684485512548516e+01,
       -1.0918583295822562e-01, 2.4693546681196407e-01,
       -4.9674438344463594e-03, -1.5756109150548939e+01,
       -8.1001960266472288e+00, 3.8143466741751702e+01,
       3.0968384904225194e-01, 5.1141678905770549e-01,
       -1.8316348694927134e+00, -1.3400647110861865e+01,
       1.0380753148913447e+01, 4.7106114140201861e+01,
       -3.0199098377475087e-01, 3.9893558923680372e-01,
       -1.4361990814002887e+00, -4.9211452207572286e+00,
       1.1213800762032719e+01, 4.8417014333771171e+01,
       -3.5306302452114674e-01, -2.3589293492418115e-01,
       -1.5720234581435164e+00, -1.8497516178530095e+01,
       7.7944234633001317e+00, 3.1794923307068569e+01,
       5.2038862186526580e-01, -4.3370706173369777e-01,
       -1.7064643692618575e+00, -1.2959678380786817e+01,
       1.0192650087231646e+01, 3.4265670786630693e+01,
       6.2831446500893595e-01, 3.0679725496401800e-01,
       -2.9330843832017410e+00, -1.2252254430921572e+00,
       6.6314814883080642e+00, 4.4543917155207446e+01 ]
image_points: !!opencv-matrix
   rows: 9
   cols: 42
   dt: "2f"
   data: [ 3.45999054e+02, 2.77698242e+02, 3.11326782e+02,
       2.75843811e+02, 2.78412292e+02, 2.74135559e+02, 2.46811050e+02,
       2.72304749e+02, 2.16886688e+02, 2.70561127e+02, 1.88204926e+02,
       2.69034760e+02, 1.60927307e+02, 2.67600494e+02, 3.45646210e+02,
       2.42042938e+02, 3.10707367e+02, 2.40867462e+02, 2.77297302e+02,
       2.39987152e+02, 2.45316696e+02, 2.38793518e+02, 2.15036636e+02,
       2.37984848e+02, 1.86232986e+02, 2.37157806e+02, 1.58949936e+02,
       2.36244110e+02, 3.45336273e+02, 2.05532486e+02, 3.10110870e+02,
       2.05046524e+02, 2.76392639e+02, 2.04542099e+02, 2.44068970e+02,
       2.04381348e+02, 2.13385254e+02, 2.04274658e+02, 1.84595734e+02,
       2.04330917e+02, 1.57047989e+02, 2.04298492e+02, 3.45020721e+02,
       1.68387970e+02, 3.09415009e+02, 1.68598007e+02, 2.75354797e+02,
       1.69247726e+02, 2.43153534e+02, 1.69920502e+02, 2.12428101e+02,
       1.70366791e+02, 1.83134277e+02, 1.71468094e+02, 1.55428970e+02,
       1.72203995e+02, 3.44680328e+02, 1.31384750e+02, 3.08911011e+02,
       1.32242615e+02, 2.74815857e+02, 1.33581741e+02, 2.42431732e+02,
       1.34782913e+02, 2.11302551e+02, 1.36324570e+02, 1.82243683e+02,
       1.38161743e+02, 1.54646210e+02, 1.40038925e+02, 3.44047150e+02,
       9.42469559e+01, 3.08526398e+02, 9.60569305e+01, 2.74369110e+02,
       9.79860229e+01, 2.41482910e+02, 1.00091209e+02, 2.10973267e+02,
       1.02411697e+02, 1.81373978e+02, 1.05091553e+02, 1.53828384e+02,
       1.07839745e+02, 1.23925674e+02, 3.95343781e+02, 1.12442566e+02,
       3.58045593e+02, 1.01176666e+02, 3.19003998e+02, 9.03626938e+01,
       2.78020294e+02, 7.99945068e+01, 2.35660812e+02, 7.01688614e+01,
       1.91880630e+02, 6.14900627e+01, 1.47349686e+02, 1.62893677e+02,
       3.84364960e+02, 1.52393311e+02, 3.47397125e+02, 1.41946732e+02,
       3.08277557e+02, 1.32057465e+02, 2.67666046e+02, 1.22428200e+02,
       2.25562347e+02, 1.13455254e+02, 1.82331604e+02, 1.04984184e+02,
       1.38153946e+02, 2.01279556e+02, 3.73048645e+02, 1.92044144e+02,
       3.36344421e+02, 1.82711853e+02, 2.97714294e+02, 1.73682556e+02,
       2.57456909e+02, 1.64870834e+02, 2.15877609e+02, 1.56355713e+02,
       1.73073975e+02, 1.48376831e+02, 1.29571655e+02, 2.38981583e+02,
       3.61713318e+02, 2.30663193e+02, 3.25358795e+02, 2.22475677e+02,
       2.87206055e+02, 2.14286285e+02, 2.47533340e+02, 2.06272598e+02,
       2.06563873e+02, 1.98346298e+02, 1.64591721e+02, 1.90834366e+02,
       1.21825218e+02, 2.75555115e+02, 3.50512421e+02, 2.68339935e+02,
       3.14502930e+02, 2.61026672e+02, 2.76872131e+02, 2.53769791e+02,
       2.37961090e+02, 2.46356293e+02, 1.97701645e+02, 2.39192703e+02,
       1.56567261e+02, 2.32209274e+02, 1.14926888e+02, 3.10757050e+02,
       3.39464386e+02, 3.04447388e+02, 3.03917725e+02, 2.98216797e+02,
       2.67099365e+02, 2.91550751e+02, 2.28932358e+02, 2.84899292e+02,
       1.89525391e+02, 2.78252991e+02, 1.49340118e+02, 2.71635132e+02,
       1.08708008e+02, 3.13576080e+02, 3.91556427e+02, 2.65810303e+02,
       3.72118378e+02, 2.20743942e+02, 3.53188751e+02, 1.78765335e+02,
       3.34802582e+02, 1.39905136e+02, 3.17036896e+02, 1.04039734e+02,
       3.00357727e+02, 7.11190567e+01, 2.84464966e+02, 3.32817657e+02,
       3.42695435e+02, 2.85061859e+02, 3.24545929e+02, 2.40032303e+02,
       3.06912872e+02, 1.97794250e+02, 2.90092773e+02, 1.58535812e+02,
       2.73989685e+02, 1.22423912e+02, 2.58875092e+02, 8.91870804e+01,
       2.44652969e+02, 3.51639526e+02, 2.94417480e+02, 3.04229675e+02,
       2.77493927e+02, 2.59281097e+02, 2.61305054e+02, 2.17049194e+02,
       2.45946518e+02, 1.77789276e+02, 2.31461365e+02, 1.41318176e+02,
       2.17951599e+02, 1.07824562e+02, 2.05367386e+02, 3.69592102e+02,
       2.47602615e+02, 3.22768524e+02, 2.32006912e+02, 2.78192596e+02,
       2.17366455e+02, 2.36283066e+02, 2.03409409e+02, 1.96962143e+02,
       1.90490005e+02, 1.60475189e+02, 1.78564789e+02, 1.26554764e+02,
       1.67425430e+02, 3.86448120e+02, 2.02981812e+02, 3.40616760e+02,
       1.88670288e+02, 2.96723602e+02, 1.75257324e+02, 2.55051590e+02,
       1.62705338e+02, 2.16074524e+02, 1.51329788e+02, 1.79651459e+02,
       1.40764771e+02, 1.45705429e+02, 1.31237701e+02, 4.02256256e+02,
       1.60869522e+02, 3.57409760e+02, 1.47664490e+02, 3.14247528e+02,
       1.35590942e+02, 2.73299500e+02, 1.24412865e+02, 2.34515427e+02,
       1.14303352e+02, 1.98349304e+02, 1.05158371e+02, 1.64486588e+02,
       9.69033508e+01, 1.17145508e+02, 1.40460556e+02, 1.50201416e+02,
       1.36132462e+02, 1.85613205e+02, 1.31843124e+02, 2.23747696e+02,
       1.27539291e+02, 2.64642456e+02, 1.23550354e+02, 3.07535156e+02,
       1.19673607e+02, 3.52810791e+02, 1.16332077e+02, 1.13587601e+02,
       1.78846481e+02, 1.47192078e+02, 1.75896027e+02, 1.83001617e+02,
       1.72544998e+02, 2.21507721e+02, 1.69677307e+02, 2.63100891e+02,
       1.66460022e+02, 3.07058380e+02, 1.63737823e+02, 3.52980103e+02,
       1.61004242e+02, 1.10827942e+02, 2.18551422e+02, 1.44479507e+02,
       2.16825912e+02, 1.80737259e+02, 2.15098251e+02, 2.19593521e+02,
       2.13293304e+02, 2.61486633e+02, 2.11421829e+02, 3.06389282e+02,
       2.09595963e+02, 3.52946533e+02, 2.07879700e+02, 1.08607445e+02,
       2.59580505e+02, 1.42433685e+02, 2.59096558e+02, 1.78901489e+02,
       2.58518677e+02, 2.18252808e+02, 2.58188690e+02, 2.60575684e+02,
       2.57594788e+02, 3.05578278e+02, 2.56883331e+02, 3.52850433e+02,
