%YAML:1.0
image_width: 640
image_height: 480
board_width: 9
board_height: 6
square_size: 3.
flags: 6144
camera_matrix: !!opencv-matrix
   rows: 3
   cols: 3
   dt: d
   data: [ 5.3587498552347358e+02, 0., 3.4227227315050806e+02, 0.,
       5.3583177614810143e+02, 2.3553676376585025e+02, 0., 0., 1. ]
distortion_coefficients: !!opencv-matrix
   rows: 5
   cols: 1
   dt: d
   data: [ -2.6623608123805259e-01, -3.9594300102195376e-02,
       1.7947849949380666e-03, -2.9420128759021766e-04,
       2.3992629388067838e-01 ]
avg_reprojection_error: 3.9228570721693029e-01
per_view_reprojection_errors: !!opencv-matrix
   rows: 26
   cols: 1
   dt: f
   data: [ 0., 0., 0., 0., 0., 0., 0., 0., 0., 0., 0., 0., 0.,
       1.93477139e-01, 1.18202591e+00, 1.73428670e-01, 1.92631185e-01,
       1.60218775e-01, 1.79808959e-01, 2.29520440e-01, 2.41036981e-01,
       2.96770096e-01, 1.66163430e-01, 2.00734794e-01, 3.78975004e-01,
       1.74249515e-01 ]
extrinsic_parameters: !!opencv-matrix
   rows: 13
   cols: 6
   dt: d
   data: [ 1.6855070815578618e-01, 2.7579482189461180e-01,
       1.3461345409167640e-02, -9.0249684197790856e+00,
       -1.3072569400675608e+01, 4.7961321838262727e+01,
       4.1316615005236929e-01, 6.4983697913052518e-01,
       -1.3371835924288857e+00, -7.0276995739098904e+00,
       9.9543223501041993e+00, 4.2453310010504666e+01,
       -2.7691692773033283e-01, 1.8700947077055469e-01,
       3.5486072899858956e-01, -4.7807245893780292e+00,
       -1.2048229221421105e+01, 3.8175197112167019e+01,
       -1.1087077185685372e-01, 2.3977037081896813e-01,
       -2.1234999109866724e-03, -1.1808403685458829e+01,
       -8.0771659565827409e+00, 3.9699408538473691e+01,
       -2.9175293962442339e-01, 4.2844194085930742e-01,
       1.3127408766759658e+00, 7.0200258364725858e+00,
       -1.3836380574759652e+01, 3.8058041585108100e+01,
       4.0782938430318905e-01, 3.0393128669363872e-01,
       1.6490227764060230e+00, 2.0072024203097367e+01,
       -7.8659615568565773e+00, 4.0367730330264401e+01,
       1.7947759747874464e-01, 3.4573604628928178e-01,
       1.8685003235237483e+00, 2.3449497924659171e+00,
       -8.6157549620383591e+00, 4.6723339462114268e+01,
       -9.0887550165416789e-02, 4.7974430956782121e-01,
       1.7534279810503435e+00, 9.4868783806351100e+00,
       -1.0550759982175911e+01, 3.7993941616980962e+01,
       2.0286832135889007e-01, -4.2396337430102143e-01,
       1.3242016243031524e-01, -7.9604645554024955e+00,
       -9.7203451883590954e+00, 3.3391991573005448e+01,
       -4.1914068167062929e-01, -4.9971385037861238e-01,
       1.3355883619964188e+00, 5.6289943450224600e+00,
       -1.3318217503137957e+01, 4.0562036570921634e+01,
       -2.3843698595911827e-01, 3.4788116580061085e-01,
       1.5307707882355395e+00, 6.0926842101239203e+00,
       -1.2309644408755521e+01, 3.8659636977447413e+01,
       4.6382375718452917e-01, -2.8331755198892605e-01,
       1.2385826789046874e+00, 4.0445773747302374e+00,
       -1.0992621108529010e+01, 3.4971555358709089e+01,
       -1.7011023287856802e-01, -4.7118139454511343e-01,
       1.3459992136978682e+00, 5.4025378211431052e+00,
       -1.2979165027339945e+01, 3.7488708908928004e+01 ]
image_points: !!opencv-matrix
   rows: 13
   cols: 54
   dt: "2f"
   data: [ 2.44406769e+02, 9.41365204e+01, 2.74395813e+02,
       9.22103271e+01, 3.05502899e+02, 9.03202286e+01, 3.38311646e+02,
       8.87927780e+01, 3.71721252e+02, 8.78762589e+01, 4.06455688e+02,
       8.67116470e+01, 4.41635803e+02, 8.62466736e+01, 4.77622681e+02,
       8.62217865e+01, 5.13768127e+02, 8.65294418e+01, 2.44889969e+02,
       1.26179314e+02, 2.74704559e+02, 1.24875961e+02, 3.06062805e+02,
       1.23983727e+02, 3.38623901e+02, 1.23085480e+02, 3.72249237e+02,
       1.22286339e+02, 4.06666351e+02, 1.22141472e+02, 4.42087555e+02,
       1.22086365e+02, 4.78016876e+02, 1.22238617e+02, 5.14271606e+02,
       1.22784706e+02, 2.45355911e+02, 1.58276794e+02, 2.75250000e+02,
       1.58050430e+02, 3.06545837e+02, 1.57648071e+02, 3.38891602e+02,
       1.57398346e+02, 3.72385498e+02, 1.57415909e+02, 4.06800812e+02,
       1.57496490e+02, 4.42110077e+02, 1.57886719e+02, 4.77914734e+02,
       1.58323273e+02, 5.13886963e+02, 1.59375763e+02, 2.46349197e+02,
       1.90389099e+02, 2.75859100e+02, 1.90516754e+02, 3.07084076e+02,
       1.91059174e+02, 3.39264191e+02, 1.91560211e+02, 3.72576538e+02,
       1.92044983e+02, 4.06767487e+02, 1.92521912e+02, 4.41712799e+02,
       1.93620789e+02, 4.77408478e+02, 1.94334076e+02, 5.13077393e+02,
       1.95623001e+02, 2.47350464e+02, 2.22271698e+02, 2.76926270e+02,
       2.23412094e+02, 3.07562439e+02, 2.24257202e+02, 3.39554474e+02,
       2.25401108e+02, 3.72705872e+02, 2.26323166e+02, 4.06593506e+02,
       2.27648132e+02, 4.41249695e+02, 2.28629303e+02, 4.76691406e+02,
       2.30001801e+02, 5.11917786e+02, 2.31575119e+02, 2.48923523e+02,
       2.53592636e+02, 2.77595795e+02, 2.55093399e+02, 3.08493011e+02,
       2.56514862e+02, 3.40011597e+02, 2.58242126e+02, 3.72682922e+02,
       2.59910431e+02, 4.06221558e+02, 2.61701111e+02, 4.40503387e+02,
       2.63232697e+02, 4.75321808e+02, 2.64625122e+02, 5.10365173e+02,
       2.66202393e+02, 2.56438416e+02, 3.62335632e+02, 2.55237549e+02,
       3.34424438e+02, 2.54305267e+02, 3.08908417e+02, 2.53285324e+02,
       2.80396210e+02, 2.52632645e+02, 2.48559570e+02, 2.51751678e+02,
       2.12814545e+02, 2.51259506e+02, 1.72682373e+02, 2.51095459e+02,
       1.27983505e+02, 2.51463165e+02, 7.81900940e+01, 2.91015137e+02,
       3.69226959e+02, 2.92614044e+02, 3.43450134e+02, 2.93632965e+02,
       3.18090576e+02, 2.95141296e+02, 2.89763519e+02, 2.96853302e+02,
       2.58062897e+02, 2.98762482e+02, 2.22360321e+02, 3.01109711e+02,
       1.82124344e+02, 3.03762482e+02, 1.36982285e+02, 3.07057343e+02,
       8.67120438e+01, 3.27583435e+02, 3.77661133e+02, 3.30838654e+02,
       3.52218933e+02, 3.34245605e+02, 3.27160858e+02, 3.38061584e+02,
       2.99222717e+02, 3.42266541e+02, 2.67763641e+02, 3.47086670e+02,
       2.32245316e+02, 3.52377838e+02, 1.92209808e+02, 3.58425873e+02,
       1.46961563e+02, 3.65127014e+02, 9.67773743e+01, 3.63314178e+02,
       3.86136749e+02, 3.69524048e+02, 3.60486084e+02, 3.75276794e+02,
       3.36097015e+02, 3.81592224e+02, 3.08356354e+02, 3.88453583e+02,
       2.77457062e+02, 3.96135986e+02, 2.42338501e+02, 4.04605469e+02,
       2.02723602e+02, 4.13966675e+02, 1.57759872e+02, 4.24129974e+02,
       1.07841232e+02, 4.01030426e+02, 3.91367462e+02, 4.08463379e+02,
       3.68606415e+02, 4.16432281e+02, 3.44544006e+02, 4.25239075e+02,
       3.17361603e+02, 4.34802765e+02, 2.86784515e+02, 4.45283203e+02,
       2.52392487e+02, 4.56842773e+02, 2.13545944e+02, 4.69520477e+02,
       1.69350540e+02, 4.83134064e+02, 1.20094322e+02, 4.35319031e+02,
       4.02528687e+02, 4.46714478e+02, 3.76146393e+02, 4.56984894e+02,
       3.52432404e+02, 4.68076294e+02, 3.25776184e+02, 4.80230011e+02,
       2.96078125e+02, 4.93467560e+02, 2.62406525e+02, 5.07863831e+02,
       2.24147812e+02, 5.23488831e+02, 1.81126923e+02, 5.40095825e+02,
       1.33088364e+02, 2.77199219e+02, 7.21990280e+01, 3.13964325e+02,
       8.12421570e+01, 3.53009338e+02, 9.10326385e+01, 3.93244110e+02,
       1.01968048e+02, 4.34717316e+02, 1.13616196e+02, 4.77097229e+02,
       1.26354828e+02, 5.19730835e+02, 1.39577423e+02, 5.62360840e+02,
       1.53604767e+02, 6.03785828e+02, 1.68300354e+02, 2.60026581e+02,
       1.05353920e+02, 2.97559692e+02, 1.15199844e+02, 3.37163696e+02,
       1.26309692e+02, 3.78443054e+02, 1.38128113e+02, 4.21071930e+02,
       1.50896118e+02, 4.64540680e+02, 1.64443741e+02, 5.08506409e+02,
       1.78623917e+02, 5.52412720e+02, 1.93252930e+02, 5.95454224e+02,
       2.08165466e+02, 2.42457245e+02, 1.40619232e+02, 2.80194824e+02,
       1.51811310e+02, 3.20520660e+02, 1.63929672e+02, 3.62618286e+02,
       1.77005905e+02, 4.06079895e+02, 1.90711761e+02, 4.50688751e+02,
